anchor_t: 4.0
box: 0.05
cls: 0.5
cls_pw: 1.0
copy_paste: 0.0
degrees: 0.06765750252876154
fl_gamma: 0.0
fliplr: 0.19382639116810926
flipud: 0.03950206393995639
hsv_h: 0.015
hsv_s: 0.7
hsv_v: 0.4
iou_t: 0.2
loss_ota: 1
lr0: 0.01
lrf: 0.01
mixup: 0.012659565476585529
momentum: 0.937
mosaic: 1.0
obj: 1.0
obj_pw: 1.0
paste_in: 0.05
perspective: 0.0
scale: 0.5
shear: 3.006343656522752
translate: 0.1
warmup_bias_lr: 0.1
warmup_epochs: 3.0
warmup_momentum: 0.8
weight_decay: 0.0005
