anchor_t: 4.0
box: 0.05
cls: 0.5
cls_pw: 1.0
copy_paste: 0.0
degrees: 0.07955579189159817
fl_gamma: 0.0
fliplr: 0.25806185942137383
flipud: 0.07695066466641984
hsv_h: 0.015
hsv_s: 0.7
hsv_v: 0.4
iou_t: 0.2
loss_ota: 1
lr0: 0.01
lrf: 0.01
mixup: 0.17493574239024484
momentum: 0.937
mosaic: 1.0
obj: 1.0
obj_pw: 1.0
paste_in: 0.05
perspective: 0.0
scale: 0.5
shear: 1.6100783436681443
translate: 0.1
warmup_bias_lr: 0.1
warmup_epochs: 3.0
warmup_momentum: 0.8
weight_decay: 0.0005
