anchor_t: 4.0
box: 0.05
cls: 0.5
cls_pw: 1.0
copy_paste: 0.0
degrees: 0.8415568707601981
fl_gamma: 0.0
fliplr: 0.23179274977490927
flipud: 0.025788874410212187
hsv_h: 0.015
hsv_s: 0.7
hsv_v: 0.4
iou_t: 0.2
loss_ota: 1
lr0: 0.01
lrf: 0.01
mixup: 0.09477535888259458
momentum: 0.937
mosaic: 1.0
obj: 1.0
obj_pw: 1.0
paste_in: 0.05
perspective: 0.0
scale: 0.5
shear: 0.13112745649432744
translate: 0.1
warmup_bias_lr: 0.1
warmup_epochs: 3.0
warmup_momentum: 0.8
weight_decay: 0.0005
